11
24
38
57
65
72
86
98
109
114
127
132
140
146
154
163
180
186
194
207
213
231
232
233
235
240
246
262
270
278
292
296
300
318
327
346
357
377
378
379
381
389
396
403
412
416
424
444
451
462
466
477
481
487
492
511
521
525
539
547
555
566
567
568
569
570
571
574
587
591
603
612
628
629
630
634
642
647
655
658
659
662
663
664
665
666
667
668
670
675
691
696
702
1578
1579
1698
1699
1700
1737
1740
1742
1743
1749
1751
1754
1761
1765
1782
1783
1786
1790
1796
1801
1808
1812
1814
1820
1821
1826
1838
1876
1881
1882
1883
1885
1888
1892
1903
1912
1913
1914
1916
1917
1920
1924
1928
1929
1931
1936
1942
1948
1953
1961
1962
1963
1965
1966
1969
1971
1973
1975
1980
1990
1991
1992
1994
1995
1999
2000
2001
2003
2004
2009
2011
2015
2019
2023
2027
2053
2061
2070
2073
2078
2086
2090
2096
2111
2116
2119
2120
2122
2128
2130
2139
2150
2158
2167
2184
2189
2192
2193
2199
2200
2206
2207
2208
2215
2216
2225
2226
2229
2239
2240
2248
2252
2254
2260
2266
2271
2323
2330
2365
2376
2378
2380
2386
2396
2398
2405
2415
2424
2425
2428
2433
2438
2440
2442
2450
2460
2462
2464
2471
2472
2477
2480
2484
2485
2487
2489
2497
2499
2510
2512
2515
2522
2549
2559
2578
2582
2585
2589
2595
2596
2621
2629
2645
2654
2659
2662
2663
2670
2685
2688
2691
2692
2694
2699
2707
2713
2718
2722
2731
2732
2744
2751
2752
2760
2761
2773
2774
2777
2781
2790
2798
2804
2805
2806
2825
2826
2830
2834
2835
2840
2856
2863
2866
2868
2875
2878
2879
2886
2888
2890
2892
2895
2897
2899
2902
2904
2906
2920
2921
2925
2927
2930
2932
2944
2948
2949
2955
2963
2964
2970
2974
2980
2996
2998
3006
3009
3017
3019
3028
3036
3040
3046
3052
3055
3056
3063
3064
3066
3067
3074
3075
3077
3078
3085
3086
3088
3089
3093
3096
3102
3103
3105
3106
3109
3117
3118
3121
3134
3136
3142
3149
3169
3170
3178
3179
3189
3190
3194
3199
3205
3212
3214
3218
3220
3223
3230
3235
3259
3261
3272
3273
3275
3279
3282
3298
3299
3301
3302
3305
3307
3308
3310
3312
3314
3316
3322
3324
3328
3330
3333
3335
3342
3344
3350
3355
3365
3366
3367
3369
3372
3377
3385
3386
3389
3392
3396
3399
3413
3415
3416
3418
3419
3422
3424
3425
3431
3435
3443
3445
3451
3458
3467
3472
3474
3479
3481
3486
3488
3493
3495
3500
3508
3514
3515
3517
3521
3523
3535
3537
3547
3553
3558
3563
3565
3570
3572
3577
3579
3584
3586
3593
3598
3602
3607
3613
3618
3622
3629
3633
3635
3644
3648
3652
3660
3667
3672
3677
3689
3691
3692
3704
3710
3718
3719
3720
3728
3742
3757
3763
3765
3767
3768
3789
3790
3799
3804
3815
3816
3817
3831
3832
3837
3841
3844
3845
3847
3852
3860
3868
3876
3881
3886
3887
3888
3891
3900
3901
3905
3913
3919
3925
3931
3946
3957
3980
3993
3998
4001
4006
4011
4017
4025
4054
4057
4058
4059
4064
4067
4070
4074
4078
4084
4085
4087
4088
4093
4096
4099
4103
4108
4117
4118
4120
4121
4127
4132
4137
4138
4140
4141
4144
4145
4149
4162
4164
4173
4179
4185
4186
4187
4194
4195
4196
4204
4206
4210
4214
4218
4225
4228
4230
4235
4237
4242
4244
4250
4252
4256
4261
4266
4267
4269
4271
4272
4274
4277
4285
4292
4297
4298
4301
4316
4322
4326
4328
4330
4331
4332
4336
4344
4345
4352
4354
4362
4364
4365
4367
4375
4376
4377
4381
4383
